Alice Smith
9.00
10.00
90.00
86.25
86.25
92.00
76.78

Bob Johnson
8.00
9.00
75.00
78.75
76.25
82.00
67.75

Charlie Brown
10.00
10.00
93.33
97.50
100.00
96.00
83.12

Diana Prince
9.00
9.00
88.33
86.25
86.25
89.00
75.48

Ethan Hunt
7.00
8.00
80.00
75.00
66.25
85.00
67.29

Fiona Gallagher
8.00
9.00
88.33
85.00
88.75
88.00
75.16

George Michael
9.00
8.00
82.00
80.00
76.25
86.00
70.84

Hannah Montana
10.00
10.00
94.00
98.75
100.00
98.00
84.21

Ian Fleming
7.00
7.00
77.67
72.50
71.25
80.00
65.46

Julia Roberts
9.00
9.00
92.00
90.00
91.25
90.00
77.94

Kevin Bacon
8.00
9.00
86.67
83.75
78.75
90.00
73.43

Laura Palmer
10.00
10.00
92.33
96.25
93.75
97.00
82.25

Michael Scott
7.00
8.00
78.33
75.00
73.75
85.00
68.56

Pam Beesly
9.00
9.00
88.33
85.00
86.25
88.00
75.09

Jim Halpert
8.00
8.00
83.00
82.50
80.00
84.00
71.22

Dwight Schrute
10.00
10.00
95.00
96.25
100.00
98.00
84.19

Stanley Hudson
9.00
8.00
84.00
80.00
86.25
87.00
73.24

Phyllis Lapin
9.00
9.00
89.00
85.00
86.25
90.00
75.99

Meredith Palmer
7.00
7.00
77.00
73.75
68.75
80.00
65.58

Ryan Howard
8.00
8.00
82.00
83.75
81.25
85.00
71.65

Kelly Kapoor
9.00
9.00
90.00
87.50
90.00
92.00
77.88

Oscar Martinez
10.00
10.00
94.00
97.50
100.00
98.00
84.02

Angela Martin
8.00
8.00
85.00
82.50
78.75
87.00
72.54

Creed Bratton
7.00
7.00
76.00
72.50
71.25
80.00
65.61

Toby Flenderson
8.00
8.00
81.00
82.50
80.00
85.00
71.33

Robert California
9.00
9.00
92.00
95.00
93.75
94.00
80.26

Jan Levinson
8.00
8.00
87.00
82.50
80.00
87.00
73.02

Gabe Lewis
7.00
8.00
77.00
75.00
73.75
82.00
67.36

Andy Bernard
9.00
9.00
92.00
90.00
90.00
90.00
77.75

Erin Hannon
8.00
8.00
87.00
80.00
80.00
86.00
72.25

