Grades
Alice Smith
9
8 9 10 7 8 9 8 10
9 8 18 17
85 90 80 95
10
88
92
Bob Johnson
8
7 8 7 9 8 7 8 9
8 7 16 15
70 75 80 65
9
78
82
Charlie Brown
10
10 10 9 10 10 9 10 10
10 10 20 20
95 90 93 92
10
94
96
Diana Prince
9
9 8 9 9 8 9 8 9
8 9 17 18
88 85 87 90
9
86
89
Ethan Hunt
7
8 7 8 7 8 7 8 7
7 6 14 13
80 78 75 82
8
80
85
Fiona Gallagher
8
9 9 8 8 9 9 8 8
9 8 19 18
88 90 87 85
9
85
88
George Michael
9
8 8 8 8 8 8 8 8
8 7 15 16
82 80 78 84
8
83
86
Hannah Montana
10
10 10 10 9 10 10 10 10
10 10 20 20
92 95 94 93
10
96
98
Ian Fleming
7
7 7 8 7 7 8 7 7
7 7 14 15
75 78 80 74
7
76
80
Julia Roberts
9
9 9 9 9 9 9 9 9
9 9 18 19
90 92 91 93
9
88
90
